generator,discriminator,gradient,alpha
-0.05423,0.05600,0.06870,0.01996
0.35629,-0.01706,0.06230,0.03996
0.51140,0.06768,0.05910,0.05996
0.72009,0.23114,0.07831,0.07996
0.89865,0.25398,0.09728,0.09996
0.76852,0.22238,0.08518,0.11996
1.21020,0.39871,0.10111,0.13996
1.34583,0.39496,0.10158,0.15996
1.16989,0.34768,0.09253,0.17996
0.90234,0.26268,0.07726,0.19996
0.58586,0.15110,0.08015,0.21996
0.20608,0.12902,0.06925,0.23996
0.46419,0.10947,0.06539,0.25996
0.34222,0.11648,0.06657,0.27996
0.19608,0.05605,0.06295,0.29996
0.20215,0.06298,0.05630,0.31996
0.46199,0.06796,0.05541,0.33996
0.18325,0.09611,0.05978,0.35996
0.41597,0.12534,0.05942,0.37996
0.43256,0.11647,0.05789,0.39996
0.27671,0.08694,0.06035,0.41996
0.18461,0.11674,0.06253,0.43996
0.46001,0.12262,0.06374,0.45996
0.33931,0.10385,0.06138,0.47996
0.32322,0.08095,0.06038,0.49996
0.23130,0.08567,0.05774,0.51996
0.32910,0.07568,0.05615,0.53996
0.50689,0.08213,0.05429,0.55996
0.40484,0.07382,0.05286,0.57996
0.50224,0.09688,0.05706,0.59996
0.20206,0.08659,0.05752,0.61996
0.21999,0.08488,0.05740,0.63996
0.30104,0.09942,0.05673,0.65996
0.36791,0.10106,0.05729,0.67996
0.32647,0.08544,0.06298,0.69996
0.35048,0.07932,0.05490,0.71996
0.28852,0.07660,0.05550,0.73996
0.26989,0.05355,0.05471,0.75996
0.18236,0.06892,0.05335,0.77996
0.34405,0.06623,0.05376,0.79996
0.29266,0.10231,0.06023,0.81996
0.39636,0.08662,0.05500,0.83996
0.22569,0.07558,0.05433,0.85996
0.42690,0.07538,0.05830,0.87996
0.30791,0.07739,0.05506,0.89996
0.19543,0.09254,0.05697,0.91996
0.20752,0.08604,0.05802,0.93996
0.32016,0.06676,0.05405,0.95996
0.28528,0.09563,0.05511,0.97996
0.25052,0.07417,0.05325,0.99996
0.31093,0.08217,0.05219,1.00000
0.32081,0.07634,0.05488,1.00000
0.26492,0.10811,0.06050,1.00000
0.41536,0.08034,0.05543,1.00000
0.32311,0.09640,0.05832,1.00000
0.28160,0.07878,0.05244,1.00000
0.43243,0.08775,0.05699,1.00000
0.22520,0.07359,0.05414,1.00000
0.25636,0.08591,0.05338,1.00000
0.22732,0.06716,0.05141,1.00000
0.28265,0.09941,0.05429,1.00000
0.38597,0.07715,0.05468,1.00000
0.18098,0.10151,0.05337,1.00000
0.32447,0.07917,0.05611,1.00000
0.16270,0.07453,0.05159,1.00000
